-3.00299e-06	0	0.999997	0
-2.99956e-06	0	0.998852	0
-2.98943e-06	0	0.995481	0
-2.97257e-06	0	0.989866	0
-2.9489e-06	0	0.981984	0
-2.91831e-06	0	0.971797	0
-2.88065e-06	0	0.959257	0
-2.83574e-06	0	0.944302	0
-2.78334e-06	0	0.926854	0
-2.72318e-06	0	0.906818	0
-2.65489e-06	0	0.884079	0
-2.57807e-06	0	0.858496	0
-2.49218e-06	0	0.829895	0
-2.39659e-06	0	0.798064	0
-2.29051e-06	0	0.76274	0
-2.17294e-06	0	0.72359	0
-2.0426e-06	0	0.680187	0
-1.89779e-06	0	0.631965	0
-1.7362e-06	0	0.578155	0
-1.55452e-06	0	0.517654	0
-1.34767e-06	0	0.448775	0
-1.1071e-06	0	0.368664	0
-8.15568e-07	0	0.271584	0
-4.22227e-07	0	0.140602	0
3.12827e-06	0	-1.04175	0
1.00898e-05	0	-3.36	0
1.70505e-05	0	-5.678	0
2.40111e-05	0	-7.99591	0
3.09715e-05	0	-10.3138	0
3.79318e-05	0	-12.6317	0
4.48921e-05	0	-14.9495	0
5.18523e-05	0	-17.2673	0
5.88126e-05	0	-19.5852	0
6.57728e-05	0	-21.903	0
7.2733e-05	0	-24.2208	0
7.96932e-05	0	-26.5386	0
8.66534e-05	0	-28.8564	0
9.36136e-05	0	-31.1742	0
0.000100574	0	-33.492	0
0.000107534	0	-35.8098	0
0.000114494	0	-38.1276	0
0.000121454	0	-40.4454	0
0.000128414	0	-42.7632	0
0.000135375	0	-45.081	0
0.000142335	0	-47.3988	0
0.000149295	0	-49.7166	0
0.000156255	0	-52.0344	0
0.000163215	0	-54.3522	0
0.000170175	0	-56.67	0
0.000177135	0	-58.9878	0
0.000184096	0	-61.3056	0
0.000191056	0	-63.6234	0
0.000198016	0	-65.9412	0
0.000204976	0	-68.259	0
0.000211936	0	-70.5767	0
0.000218896	0	-72.8945	0
0.000225856	0	-75.2123	0
0.000232816	0	-77.5301	0
0.000239777	0	-79.8479	0
0.000246737	0	-82.1657	0
0.000253697	0	-84.4835	0
0.000260657	0	-86.8013	0
0.000267617	0	-89.119	0
0.000274577	0	-91.4368	0
0.000281537	0	-93.7546	0
0.000288497	0	-96.0724	0
0.000295457	0	-98.3902	0
0.000302418	0	-100.708	0
0.000309378	0	-103.026	0
0.000316338	0	-105.344	0
0.000323298	0	-107.661	0
0.000330258	0	-109.979	0
0.000337218	0	-112.297	0
0.000344178	0	-114.615	0
0.000351138	0	-116.932	0
0.000358098	0	-119.25	0
0.000365059	0	-121.568	0
0.000372019	0	-123.886	0
0.000378979	0	-126.204	0
0.000385939	0	-128.521	0
0.000392899	0	-130.839	0
0.000399859	0	-133.157	0
0.000406819	0	-135.475	0
0.000413779	0	-137.792	0
0.000420739	0	-140.11	0
0.0004277	0	-142.428	0
0.00043466	0	-144.746	0
0.00044162	0	-147.064	0
0.00044858	0	-149.381	0
0.00045554	0	-151.699	0
0.0004625	0	-154.017	0
0.00046946	0	-156.335	0
0.00047642	0	-158.653	0
0.00048338	0	-160.97	0
0.00049034	0	-163.288	0
0.000497301	0	-165.606	0
0.000504261	0	-167.924	0
0.000511221	0	-170.241	0
0.000518181	0	-172.559	0
0.000525141	0	-174.877	0
0.000532101	0	-177.195	0
0.000539061	0	-179.513	0
0.000546021	0	-181.83	0
0.000552981	0	-184.148	0
0.000559941	0	-186.466	0
0.000566902	0	-188.784	0
0.000573862	0	-191.101	0
0.000580822	0	-193.419	0
0.000587782	0	-195.737	0
0.000594742	0	-198.055	0
0.000601702	0	-200.373	0
0.000608662	0	-202.69	0
0.000615622	0	-205.008	0
0.000622582	0	-207.326	0
0.000629542	0	-209.644	0
0.000636503	0	-211.961	0
0.000643463	0	-214.279	0
0.000650423	0	-216.597	0
0.000657383	0	-218.915	0
0.000664343	0	-221.233	0
0.000671303	0	-223.55	0
0.000678263	0	-225.868	0
0.000685223	0	-228.186	0
0.000692183	0	-230.504	0
0.000699143	0	-232.821	0
0.000706104	0	-235.139	0
0.000713064	0	-237.457	0
0.000720024	0	-239.775	0
0.000726984	0	-242.093	0
0.000733944	0	-244.41	0
0.000740904	0	-246.728	0
0.000747864	0	-249.046	0
0.000754824	0	-251.364	0
0.000761784	0	-253.681	0
0.000768744	0	-255.999	0
0.000775704	0	-258.317	0
0.000782665	0	-260.635	0
0.000789625	0	-262.953	0
0.000796585	0	-265.27	0
0.000803545	0	-267.588	0
0.000810505	0	-269.906	0
0.000817465	0	-272.224	0
0.000824425	0	-274.542	0
0.000831385	0	-276.859	0
0.000838345	0	-279.177	0
0.000845305	0	-281.495	0
0.000852266	0	-283.813	0
0.000859226	0	-286.13	0
0.000866186	0	-288.448	0
0.000873146	0	-290.766	0
0.000880106	0	-293.084	0
0.000887066	0	-295.402	0
0.000894026	0	-297.719	0
0.000900986	0	-300.037	0
0.000907946	0	-302.355	0
0.000914906	0	-304.673	0
0.000921866	0	-306.99	0
0.000928827	0	-309.308	0
0.000935787	0	-311.626	0
0.000942747	0	-313.944	0
0.000949707	0	-316.262	0
0.000956667	0	-318.579	0
0.000963627	0	-320.897	0
0.000970587	0	-323.215	0
0.000977547	0	-325.533	0
0.000984507	0	-327.85	0
0.000991467	0	-330.168	0
0.000998427	0	-332.486	0
0.00100539	0	-334.804	0
0.00101235	0	-337.122	0
0.00101931	0	-339.439	0
0.00102627	0	-341.757	0
0.00103323	0	-344.075	0
0.00104019	0	-346.393	0
0.00104715	0	-348.71	0
0.00105411	0	-351.028	0
0.00106107	0	-353.346	0
0.00106803	0	-355.664	0
0.00107499	0	-357.982	0
0.00108195	0	-360.299	0
0.00108891	0	-362.617	0
0.00109587	0	-364.935	0
0.00110283	0	-367.253	0
0.00110979	0	-369.57	0
0.00111675	0	-371.888	0
0.00112371	0	-374.206	0
0.00113067	0	-376.524	0
0.00113763	0	-378.842	0
0.00114459	0	-381.159	0
0.00115155	0	-383.477	0
0.00115851	0	-385.795	0
0.00116547	0	-388.113	0
0.00117243	0	-390.43	0
0.00117939	0	-392.748	0
0.00118635	0	-395.066	0
0.00119331	0	-397.384	0
0.00120027	0	-399.702	0
0.00120723	0	-402.019	0
0.00121419	0	-404.337	0
0.00122115	0	-406.655	0
0.00122811	0	-408.973	0
0.00123507	0	-411.29	0
0.00124203	0	-413.608	0
0.00124899	0	-415.926	0
0.00125595	0	-418.244	0
0.00126291	0	-420.562	0
0.00126987	0	-422.879	0
0.00127683	0	-425.197	0
0.00128379	0	-427.515	0
0.00129075	0	-429.833	0
0.00129771	0	-432.15	0
0.00130467	0	-434.468	0
0.00131163	0	-436.786	0
0.00131859	0	-439.104	0
0.00132555	0	-441.422	0
0.00133251	0	-443.739	0
0.00133947	0	-446.057	0
0.00134643	0	-448.375	0
0.00135339	0	-450.693	0
0.00136035	0	-453.01	0
0.00136731	0	-455.328	0
0.00137427	0	-457.646	0
0.00138123	0	-459.964	0
0.00138819	0	-462.281	0
0.00139515	0	-464.599	0
0.00140211	0	-466.917	0
0.00140907	0	-469.235	0
0.00141603	0	-471.553	0
0.00142299	0	-473.87	0
0.00142995	0	-476.188	0
0.00143691	0	-478.506	0
0.00144387	0	-480.824	0
0.00145083	0	-483.141	0
0.00145779	0	-485.459	0
0.00146475	0	-487.777	0
0.00147171	0	-490.095	0
0.00147867	0	-492.413	0
0.00148563	0	-494.73	0
0.00149259	0	-497.048	0
0.00149955	0	-499.366	0
0.00150651	0	-501.684	0
0.00151347	0	-504.001	0
0.00152043	0	-506.319	0
0.00152739	0	-508.637	0
0.00153435	0	-510.955	0
0.00154131	0	-513.273	0
0.00154827	0	-515.59	0
0.00155523	0	-517.908	0
0.00156219	0	-520.226	0
0.00156915	0	-522.544	0
0.00157612	0	-524.861	0
0.00158308	0	-527.179	0
0.00159004	0	-529.497	0
0.001597	0	-531.815	0
0.00160396	0	-534.133	0
0.00161092	0	-536.45	0
0.00161788	0	-538.768	0
0.00162484	0	-541.086	0
0.0016318	0	-543.404	0
0.00163876	0	-545.721	0
0.00164572	0	-548.039	0
0.00165268	0	-550.357	0
0.00165964	0	-552.675	0
0.0016666	0	-554.993	0
0.00167356	0	-557.31	0
0.00168052	0	-559.628	0
0.00168748	0	-561.946	0
0.00169444	0	-564.264	0
0.0017014	0	-566.581	0
0.00170836	0	-568.899	0
0.00171532	0	-571.217	0
0.00172228	0	-573.535	0
0.00172924	0	-575.853	0
0.0017362	0	-578.17	0
0.00174316	0	-580.488	0
0.00175012	0	-582.806	0
0.00175708	0	-585.124	0
0.00176404	0	-587.441	0
0.001771	0	-589.759	0
0.00177796	0	-592.077	0
0.00178492	0	-594.395	0
0.00179188	0	-596.713	0
0.00179884	0	-599.03	0
0.0018058	0	-601.348	0
0.00181276	0	-603.666	0
0.00181972	0	-605.984	0
0.00182668	0	-608.301	0
0.00183364	0	-610.619	0
0.0018406	0	-612.937	0
0.00184756	0	-615.255	0
0.00185452	0	-617.573	0
0.00186148	0	-619.89	0
0.00186844	0	-622.208	0
0.0018754	0	-624.526	0
0.00188236	0	-626.844	0
0.00188932	0	-629.161	0
0.00189628	0	-631.479	0
0.00190324	0	-633.797	0
0.0019102	0	-636.115	0
0.00191716	0	-638.433	0
0.00192412	0	-640.75	0
0.00193108	0	-643.068	0
0.00193804	0	-645.386	0
0.001945	0	-647.704	0
0.00195196	0	-650.021	0
0.00195892	0	-652.339	0
0.00196588	0	-654.657	0
0.00197284	0	-656.975	0
0.0019798	0	-659.293	0
0.00198676	0	-661.61	0
0.00199372	0	-663.928	0
0.00200068	0	-666.246	0
0.00200764	0	-668.564	0
0.0020146	0	-670.881	0
0.00202156	0	-673.199	0
0.00202852	0	-675.517	0
0.00203548	0	-677.835	0
0.00204244	0	-680.153	0
0.0020494	0	-682.47	0
0.00205636	0	-684.788	0
0.00206332	0	-687.106	0
0.00207028	0	-689.424	0
0.00207724	0	-691.741	0
0.0020842	0	-694.059	0
0.00209116	0	-696.377	0
0.00209812	0	-698.695	0
0.00210508	0	-701.013	0
0.00211204	0	-703.33	0
0.002119	0	-705.648	0
0.00212596	0	-707.966	0
0.00213292	0	-710.284	0
0.00213988	0	-712.601	0
0.00214684	0	-714.919	0
0.0021538	0	-717.237	0
0.00216076	0	-719.555	0
0.00216772	0	-721.872	0
0.00217468	0	-724.19	0
0.00218164	0	-726.508	0
0.0021886	0	-728.826	0
0.00219556	0	-731.144	0
0.00220252	0	-733.461	0
0.00220948	0	-735.779	0
0.00221644	0	-738.097	0
0.0022234	0	-740.415	0
0.00223036	0	-742.732	0
0.00223732	0	-745.05	0
0.00224428	0	-747.368	0
0.00225124	0	-749.686	0
0.0022582	0	-752.004	0
0.00226516	0	-754.321	0
0.00227212	0	-756.639	0
0.00227908	0	-758.957	0
0.00228604	0	-761.275	0
0.002293	0	-763.592	0
0.00229996	0	-765.91	0
0.00230692	0	-768.228	0
0.00231388	0	-770.546	0
0.00232084	0	-772.864	0
0.0023278	0	-775.181	0
0.00233476	0	-777.499	0
0.00234172	0	-779.817	0
0.00234868	0	-782.135	0
0.00235565	0	-784.452	0
0.00236261	0	-786.77	0
0.00236957	0	-789.088	0
0.00237653	0	-791.406	0
0.00238349	0	-793.724	0
0.00239045	0	-796.041	0
0.00239741	0	-798.359	0
0.00240437	0	-800.677	0
0.00241133	0	-802.995	0
0.00241829	0	-805.312	0
0.00242525	0	-807.63	0
0.00243221	0	-809.948	0
0.00243917	0	-812.266	0
0.00244613	0	-814.584	0
0.00245309	0	-816.901	0
0.00246005	0	-819.219	0
0.00246701	0	-821.537	0
0.00247397	0	-823.855	0
0.00248093	0	-826.172	0
0.00248789	0	-828.49	0
0.00249485	0	-830.808	0
0.00250181	0	-833.126	0
0.00250877	0	-835.444	0
0.00251573	0	-837.761	0
0.00252269	0	-840.079	0
0.00252965	0	-842.397	0
0.00253661	0	-844.715	0
0.00254357	0	-847.032	0
0.00255053	0	-849.35	0
0.00255749	0	-851.668	0
0.00256445	0	-853.986	0
0.00257141	0	-856.304	0
0.00257837	0	-858.621	0
0.00258533	0	-860.939	0
0.00259229	0	-863.257	0
0.00259925	0	-865.575	0
0.00260621	0	-867.892	0
0.00261317	0	-870.21	0
0.00262013	0	-872.528	0
0.00262709	0	-874.846	0
0.00263405	0	-877.163	0
0.00264101	0	-879.481	0
0.00264797	0	-881.799	0
0.00265493	0	-884.117	0
0.00266189	0	-886.435	0
0.00266885	0	-888.752	0
0.00267581	0	-891.07	0
0.00268277	0	-893.388	0
0.00268973	0	-895.706	0
0.00269669	0	-898.023	0
0.00270365	0	-900.341	0
0.00271061	0	-902.659	0
0.00271757	0	-904.977	0
0.00272453	0	-907.295	0
0.00273149	0	-909.612	0
0.00273845	0	-911.93	0
0.00274541	0	-914.248	0
0.00275237	0	-916.566	0
0.00275933	0	-918.883	0
0.00276629	0	-921.201	0
0.00277325	0	-923.519	0
0.00278021	0	-925.837	0
0.00278717	0	-928.155	0
0.00279413	0	-930.472	0
0.00280109	0	-932.79	0
0.00280805	0	-935.108	0
0.00281501	0	-937.426	0
0.00282197	0	-939.743	0
0.00282893	0	-942.061	0
0.00283589	0	-944.379	0
0.00284285	0	-946.697	0
0.00284981	0	-949.015	0
0.00285677	0	-951.332	0
0.00286373	0	-953.65	0
0.00287069	0	-955.968	0
0.00287765	0	-958.286	0
0.00288461	0	-960.603	0
0.00289157	0	-962.921	0
0.00289853	0	-965.239	0
0.00290549	0	-967.557	0
0.00291245	0	-969.875	0
0.00291941	0	-972.192	0
0.00292637	0	-974.51	0
0.00293333	0	-976.828	0
0.00294029	0	-979.146	0
0.00294725	0	-981.463	0
0.00295421	0	-983.781	0
0.00296117	0	-986.099	0
0.00296813	0	-988.417	0
0.00297509	0	-990.735	0
0.00298205	0	-993.052	0
0.00298901	0	-995.37	0
0.00299597	0	-997.688	0
0.00300293	0	-1000.01	0
0.00300989	0	-1002.32	0
0.00301685	0	-1004.64	0
0.00302381	0	-1006.96	0
0.00303077	0	-1009.28	0
0.00303773	0	-1011.59	0
0.00304469	0	-1013.91	0
0.00305165	0	-1016.23	0
0.00305861	0	-1018.55	0
0.00306557	0	-1020.87	0
0.00307253	0	-1023.18	0
0.00307949	0	-1025.5	0
0.00308645	0	-1027.82	0
0.00309341	0	-1030.14	0
0.00310037	0	-1032.45	0
0.00310733	0	-1034.77	0
0.00311429	0	-1037.09	0
0.00312125	0	-1039.41	0
0.00312821	0	-1041.73	0
0.00313517	0	-1044.04	0
0.00314213	0	-1046.36	0
0.00314909	0	-1048.68	0
0.00315606	0	-1051	0
0.00316302	0	-1053.31	0
0.00316998	0	-1055.63	0
0.00317694	0	-1057.95	0
0.0031839	0	-1060.27	0
0.00319086	0	-1062.59	0
0.00319782	0	-1064.9	0
0.00320478	0	-1067.22	0
0.00321174	0	-1069.54	0
0.0032187	0	-1071.86	0
0.00322566	0	-1074.17	0
0.00323262	0	-1076.49	0
0.00323958	0	-1078.81	0
0.00324654	0	-1081.13	0
0.0032535	0	-1083.45	0
0.00326046	0	-1085.76	0
0.00326742	0	-1088.08	0
0.00327438	0	-1090.4	0
0.00328134	0	-1092.72	0
0.0032883	0	-1095.03	0
0.00329526	0	-1097.35	0
0.00330222	0	-1099.67	0
0.00330918	0	-1101.99	0
0.00331614	0	-1104.31	0
0.0033231	0	-1106.62	0
0.00333006	0	-1108.94	0
0.00333702	0	-1111.26	0
0.00334398	0	-1113.58	0
0.00335094	0	-1115.89	0
0.0033579	0	-1118.21	0
0.00336486	0	-1120.53	0
0.00337182	0	-1122.85	0
0.00337878	0	-1125.17	0
0.00338574	0	-1127.48	0
0.0033927	0	-1129.8	0
0.00339966	0	-1132.12	0
0.00340662	0	-1134.44	0
0.00341358	0	-1136.75	0
0.00342054	0	-1139.07	0
0.0034275	0	-1141.39	0
0.00343446	0	-1143.71	0
0.00344142	0	-1146.03	0
0.00344838	0	-1148.34	0
0.00345534	0	-1150.66	0
0.0034623	0	-1152.98	0
0.00346926	0	-1155.3	0
0.00347622	0	-1157.61	0
0.00348318	0	-1159.93	0
0.00349014	0	-1162.25	0
0.0034971	0	-1164.57	0
0.00350406	0	-1166.89	0
0.00351102	0	-1169.2	0
0.00351798	0	-1171.52	0
0.00352494	0	-1173.84	0
0.0035319	0	-1176.16	0
0.00353886	0	-1178.47	0
0.00354582	0	-1180.79	0
0.00355278	0	-1183.11	0
0.00355974	0	-1185.43	0
0.0035667	0	-1187.75	0
0.00357366	0	-1190.06	0
0.00358062	0	-1192.38	0
0.00358758	0	-1194.7	0
0.00359454	0	-1197.02	0
0.0036015	0	-1199.33	0
0.00360846	0	-1201.65	0
0.00361542	0	-1203.97	0
0.00362238	0	-1206.29	0
0.00362934	0	-1208.61	0
0.0036363	0	-1210.92	0
0.00364326	0	-1213.24	0
0.00365022	0	-1215.56	0
0.00365718	0	-1217.88	0
0.00366414	0	-1220.19	0
0.0036711	0	-1222.51	0
0.00367806	0	-1224.83	0
0.00368502	0	-1227.15	0
0.00369198	0	-1229.47	0
0.00369894	0	-1231.78	0
0.0037059	0	-1234.1	0
0.00371286	0	-1236.42	0
0.00371982	0	-1238.74	0
0.00372678	0	-1241.05	0
0.00373374	0	-1243.37	0
0.0037407	0	-1245.69	0
0.00374766	0	-1248.01	0
0.00375462	0	-1250.33	0
0.00376158	0	-1252.64	0
0.00376854	0	-1254.96	0
0.0037755	0	-1257.28	0
0.00378246	0	-1259.6	0
0.00378942	0	-1261.91	0
0.00379638	0	-1264.23	0
0.00380334	0	-1266.55	0
0.0038103	0	-1268.87	0
0.00381726	0	-1271.19	0
0.00382422	0	-1273.5	0
0.00383118	0	-1275.82	0
0.00383814	0	-1278.14	0
0.0038451	0	-1280.46	0
0.00385206	0	-1282.77	0
0.00385902	0	-1285.09	0
0.00386598	0	-1287.41	0
0.00387294	0	-1289.73	0
0.0038799	0	-1292.05	0
0.00388686	0	-1294.36	0
0.00389382	0	-1296.68	0
0.00390078	0	-1299	0
0.00390774	0	-1301.32	0
0.0039147	0	-1303.63	0
0.00392166	0	-1305.95	0
0.00392862	0	-1308.27	0
0.00393558	0	-1310.59	0
0.00394254	0	-1312.91	0
0.0039495	0	-1315.22	0
0.00395647	0	-1317.54	0
0.00396343	0	-1319.86	0
0.00397039	0	-1322.18	0
0.00397735	0	-1324.49	0
0.00398431	0	-1326.81	0
0.00399127	0	-1329.13	0
0.00399823	0	-1331.45	0
0.00400519	0	-1333.77	0
0.00401215	0	-1336.08	0
0.00401911	0	-1338.4	0
0.00402607	0	-1340.72	0
0.00403303	0	-1343.04	0
0.00403999	0	-1345.35	0
0.00404695	0	-1347.67	0
0.00405391	0	-1349.99	0
0.00406087	0	-1352.31	0
0.00406783	0	-1354.63	0
0.00407479	0	-1356.94	0
0.00408175	0	-1359.26	0
0.00408871	0	-1361.58	0
0.00409567	0	-1363.9	0
0.00410263	0	-1366.21	0
0.00410959	0	-1368.53	0
0.00411655	0	-1370.85	0
0.00412351	0	-1373.17	0
0.00413047	0	-1375.49	0
0.00413743	0	-1377.8	0
0.00414439	0	-1380.12	0
0.00415135	0	-1382.44	0
0.00415831	0	-1384.76	0
0.00416527	0	-1387.07	0
0.00417223	0	-1389.39	0
0.00417919	0	-1391.71	0
0.00418615	0	-1394.03	0
0.00419311	0	-1396.35	0
0.00420007	0	-1398.66	0
0.00420703	0	-1400.98	0
0.00421399	0	-1403.3	0
0.00422095	0	-1405.62	0
0.00422791	0	-1407.93	0
0.00423487	0	-1410.25	0
0.00424183	0	-1412.57	0
0.00424879	0	-1414.89	0
0.00425575	0	-1417.21	0
0.00426271	0	-1419.52	0
0.00426967	0	-1421.84	0
0.00427663	0	-1424.16	0
0.00428359	0	-1426.48	0
0.00429055	0	-1428.79	0
0.00429751	0	-1431.11	0
0.00430447	0	-1433.43	0
0.00431143	0	-1435.75	0
0.00431839	0	-1438.07	0
0.00432535	0	-1440.38	0
0.00433231	0	-1442.7	0
0.00433927	0	-1445.02	0
0.00434623	0	-1447.34	0
0.00435319	0	-1449.65	0
0.00436015	0	-1451.97	0
0.00436711	0	-1454.29	0
0.00437407	0	-1456.61	0
0.00438103	0	-1458.93	0
0.00438799	0	-1461.24	0
0.00439495	0	-1463.56	0
0.00440191	0	-1465.88	0
0.00440887	0	-1468.2	0
0.00441583	0	-1470.51	0
0.00442279	0	-1472.83	0
0.00442975	0	-1475.15	0
0.00443671	0	-1477.47	0
0.00444367	0	-1479.79	0
0.00445063	0	-1482.1	0
0.00445759	0	-1484.42	0
0.00446455	0	-1486.74	0
0.00447151	0	-1489.06	0
0.00447847	0	-1491.37	0
0.00448543	0	-1493.69	0
0.00449239	0	-1496.01	0
0.00449935	0	-1498.33	0
0.00450631	0	-1500.65	0
0.00451327	0	-1502.96	0
0.00452023	0	-1505.28	0
0.00452719	0	-1507.6	0
0.00453415	0	-1509.92	0
0.00454111	0	-1512.23	0
0.00454807	0	-1514.55	0
0.00455503	0	-1516.87	0
0.00456199	0	-1519.19	0
0.00456895	0	-1521.51	0
0.00457591	0	-1523.82	0
0.00458287	0	-1526.14	0
0.00458983	0	-1528.46	0
0.00459679	0	-1530.78	0
0.00460375	0	-1533.09	0
0.00461071	0	-1535.41	0
0.00461767	0	-1537.73	0
0.00462463	0	-1540.05	0
0.00463159	0	-1542.37	0
0.00463855	0	-1544.68	0
0.00464551	0	-1547	0
0.00465247	0	-1549.32	0
0.00465943	0	-1551.64	0
0.00466639	0	-1553.95	0
0.00467335	0	-1556.27	0
0.00468031	0	-1558.59	0
0.00468727	0	-1560.91	0
0.00469423	0	-1563.23	0
0.00470119	0	-1565.54	0
0.00470815	0	-1567.86	0
0.00471511	0	-1570.18	0
0.00472207	0	-1572.5	0
0.00472903	0	-1574.81	0
0.00473599	0	-1577.13	0
0.00474295	0	-1579.45	0
0.00474991	0	-1581.77	0
0.00475687	0	-1584.09	0
0.00476384	0	-1586.4	0
0.0047708	0	-1588.72	0
0.00477776	0	-1591.04	0
0.00478472	0	-1593.36	0
0.00479168	0	-1595.67	0
0.00479864	0	-1597.99	0
0.0048056	0	-1600.31	0
0.00481256	0	-1602.63	0
0.00481952	0	-1604.95	0
0.00482648	0	-1607.26	0
0.00483344	0	-1609.58	0
0.0048404	0	-1611.9	0
0.00484736	0	-1614.22	0
0.00485432	0	-1616.53	0
0.00486128	0	-1618.85	0
0.00486824	0	-1621.17	0
0.0048752	0	-1623.49	0
0.00488216	0	-1625.81	0
0.00488912	0	-1628.12	0
0.00489608	0	-1630.44	0
0.00490304	0	-1632.76	0
0.00491	0	-1635.08	0
0.00491696	0	-1637.39	0
0.00492392	0	-1639.71	0
0.00493088	0	-1642.03	0
0.00493784	0	-1644.35	0
0.0049448	0	-1646.67	0
0.00495176	0	-1648.98	0
0.00495872	0	-1651.3	0
0.00496568	0	-1653.62	0
0.00497264	0	-1655.94	0
0.0049796	0	-1658.25	0
0.00498656	0	-1660.57	0
0.00499352	0	-1662.89	0
0.00500048	0	-1665.21	0
0.00500744	0	-1667.53	0
0.0050144	0	-1669.84	0
0.00502136	0	-1672.16	0
0.00502832	0	-1674.48	0
0.00503528	0	-1676.8	0
0.00504224	0	-1679.11	0
0.0050492	0	-1681.43	0
0.00505616	0	-1683.75	0
0.00506312	0	-1686.07	0
0.00507008	0	-1688.39	0
0.00507704	0	-1690.7	0
0.005084	0	-1693.02	0
0.00509096	0	-1695.34	0
0.00509792	0	-1697.66	0
0.00510488	0	-1699.97	0
0.00511184	0	-1702.29	0
0.0051188	0	-1704.61	0
0.00512576	0	-1706.93	0
0.00513272	0	-1709.25	0
0.00513968	0	-1711.56	0
0.00514664	0	-1713.88	0
0.0051536	0	-1716.2	0
0.00516056	0	-1718.52	0
0.00516752	0	-1720.83	0
0.00517448	0	-1723.15	0
0.00518144	0	-1725.47	0
0.0051884	0	-1727.79	0
0.00519536	0	-1730.1	0
0.00520232	0	-1732.42	0
0.00520928	0	-1734.74	0
0.00521624	0	-1737.06	0
0.0052232	0	-1739.38	0
0.00523016	0	-1741.69	0
0.00523712	0	-1744.01	0
0.00524408	0	-1746.33	0
0.00525104	0	-1748.65	0
0.005258	0	-1750.96	0
0.00526496	0	-1753.28	0
0.00527192	0	-1755.6	0
0.00527888	0	-1757.92	0
0.00528584	0	-1760.24	0
0.0052928	0	-1762.55	0
0.00529976	0	-1764.87	0
0.00530672	0	-1767.19	0
0.00531368	0	-1769.51	0
0.00532064	0	-1771.82	0
0.0053276	0	-1774.14	0
0.00533456	0	-1776.46	0
0.00534152	0	-1778.78	0
0.00534848	0	-1781.1	0
0.00535544	0	-1783.41	0
0.0053624	0	-1785.73	0
0.00536936	0	-1788.05	0
0.00537632	0	-1790.37	0
0.00538328	0	-1792.68	0
0.00539024	0	-1795	0
0.0053972	0	-1797.32	0
0.00540416	0	-1799.64	0
0.00541112	0	-1801.96	0
0.00541808	0	-1804.27	0
0.00542504	0	-1806.59	0
0.005432	0	-1808.91	0
0.00543896	0	-1811.23	0
0.00544592	0	-1813.54	0
0.00545288	0	-1815.86	0
0.00545984	0	-1818.18	0
0.0054668	0	-1820.5	0
0.00547376	0	-1822.82	0
0.00548072	0	-1825.13	0
0.00548768	0	-1827.45	0
0.00549464	0	-1829.77	0
0.0055016	0	-1832.09	0
0.00550856	0	-1834.4	0
0.00551552	0	-1836.72	0
0.00552248	0	-1839.04	0
0.00552944	0	-1841.36	0
0.0055364	0	-1843.68	0
0.00554336	0	-1845.99	0
0.00555032	0	-1848.31	0
0.00555728	0	-1850.63	0
0.00556424	0	-1852.95	0
0.00557121	0	-1855.26	0
0.00557817	0	-1857.58	0
0.00558513	0	-1859.9	0
0.00559209	0	-1862.22	0
0.00559905	0	-1864.54	0
0.00560601	0	-1866.85	0
0.00561297	0	-1869.17	0
0.00561993	0	-1871.49	0
0.00562689	0	-1873.81	0
0.00563385	0	-1876.12	0
0.00564081	0	-1878.44	0
0.00564777	0	-1880.76	0
0.00565473	0	-1883.08	0
0.00566169	0	-1885.4	0
0.00566865	0	-1887.71	0
0.00567561	0	-1890.03	0
0.00568257	0	-1892.35	0
0.00568953	0	-1894.67	0
0.00569649	0	-1896.98	0
0.00570345	0	-1899.3	0
0.00571041	0	-1901.62	0
0.00571737	0	-1903.94	0
0.00572433	0	-1906.26	0
0.00573129	0	-1908.57	0
0.00573825	0	-1910.89	0
0.00574521	0	-1913.21	0
0.00575217	0	-1915.53	0
0.00575913	0	-1917.84	0
0.00576609	0	-1920.16	0
0.00577305	0	-1922.48	0
0.00578001	0	-1924.8	0
0.00578697	0	-1927.12	0
0.00579393	0	-1929.43	0
0.00580089	0	-1931.75	0
0.00580785	0	-1934.07	0
0.00581481	0	-1936.39	0
0.00582177	0	-1938.7	0
0.00582873	0	-1941.02	0
0.00583569	0	-1943.34	0
0.00584265	0	-1945.66	0
0.00584961	0	-1947.98	0
0.00585657	0	-1950.29	0
0.00586353	0	-1952.61	0
0.00587049	0	-1954.93	0
0.00587745	0	-1957.25	0
0.00588441	0	-1959.56	0
0.00589137	0	-1961.88	0
0.00589833	0	-1964.2	0
0.00590529	0	-1966.52	0
0.00591225	0	-1968.84	0
0.00591921	0	-1971.15	0
0.00592617	0	-1973.47	0
0.00593313	0	-1975.79	0
0.00594009	0	-1978.11	0
0.00594705	0	-1980.42	0
0.00595401	0	-1982.74	0
0.00596097	0	-1985.06	0
0.00596793	0	-1987.38	0
0.00597489	0	-1989.7	0
0.00598185	0	-1992.01	0
0.00598881	0	-1994.33	0
0.00599577	0	-1996.65	0
0.00600273	0	-1998.97	0
0.00600969	0	-2001.28	0
0.00601665	0	-2003.6	0
0.00602361	0	-2005.92	0
0.00603057	0	-2008.24	0
0.00603753	0	-2010.56	0
0.00604449	0	-2012.87	0
0.00605145	0	-2015.19	0
0.00605841	0	-2017.51	0
0.00606537	0	-2019.83	0
0.00607233	0	-2022.14	0
0.00607929	0	-2024.46	0
0.00608625	0	-2026.78	0
0.00609321	0	-2029.1	0
0.00610017	0	-2031.42	0
0.00610713	0	-2033.73	0
0.00611409	0	-2036.05	0
0.00612105	0	-2038.37	0
0.00612801	0	-2040.69	0
0.00613497	0	-2043	0
0.00614193	0	-2045.32	0
0.00614889	0	-2047.64	0
0.00615585	0	-2049.96	0
0.00616281	0	-2052.28	0
0.00616977	0	-2054.59	0
0.00617673	0	-2056.91	0
0.00618369	0	-2059.23	0
0.00619065	0	-2061.55	0
0.00619761	0	-2063.86	0
0.00620457	0	-2066.18	0
0.00621153	0	-2068.5	0
0.00621849	0	-2070.82	0
0.00622545	0	-2073.14	0
0.00623241	0	-2075.45	0
0.00623937	0	-2077.77	0
0.00624633	0	-2080.09	0
0.00625329	0	-2082.41	0
0.00626025	0	-2084.72	0
0.00626721	0	-2087.04	0
0.00627417	0	-2089.36	0
0.00628113	0	-2091.68	0
0.00628809	0	-2094	0
0.00629505	0	-2096.31	0
0.00630201	0	-2098.63	0
0.00630897	0	-2100.95	0
0.00631593	0	-2103.27	0
0.00632289	0	-2105.58	0
0.00632985	0	-2107.9	0
0.00633681	0	-2110.22	0
0.00634377	0	-2112.54	0
0.00635073	0	-2114.86	0
0.00635769	0	-2117.17	0
0.00636465	0	-2119.49	0
0.00637161	0	-2121.81	0
0.00637857	0	-2124.13	0
0.00638554	0	-2126.44	0
0.0063925	0	-2128.76	0
0.00639946	0	-2131.08	0
0.00640642	0	-2133.4	0
0.00641338	0	-2135.72	0
0.00642034	0	-2138.03	0
0.0064273	0	-2140.35	0
0.00643426	0	-2142.67	0
0.00644122	0	-2144.99	0
0.00644818	0	-2147.3	0
0.00645514	0	-2149.62	0
0.0064621	0	-2151.94	0
0.00646906	0	-2154.26	0
0.00647602	0	-2156.58	0
0.00648298	0	-2158.89	0
0.00648994	0	-2161.21	0
0.0064969	0	-2163.53	0
0.00650386	0	-2165.85	0
0.00651082	0	-2168.16	0
0.00651778	0	-2170.48	0
0.00652474	0	-2172.8	0
0.0065317	0	-2175.12	0
0.00653866	0	-2177.44	0
0.00654562	0	-2179.75	0
0.00655258	0	-2182.07	0
0.00655954	0	-2184.39	0
0.0065665	0	-2186.71	0
0.00657346	0	-2189.02	0
0.00658042	0	-2191.34	0
0.00658738	0	-2193.66	0
0.00659434	0	-2195.98	0
0.0066013	0	-2198.3	0
0.00660826	0	-2200.61	0
0.00661522	0	-2202.93	0
0.00662218	0	-2205.25	0
0.00662914	0	-2207.57	0
0.0066361	0	-2209.88	0
0.00664306	0	-2212.2	0
0.00665002	0	-2214.52	0
0.00665698	0	-2216.84	0
0.00666394	0	-2219.16	0
0.0066709	0	-2221.47	0
0.00667786	0	-2223.79	0
0.00668482	0	-2226.11	0
0.00669178	0	-2228.43	0
0.00669874	0	-2230.74	0
0.0067057	0	-2233.06	0
0.00671266	0	-2235.38	0
0.00671962	0	-2237.7	0
0.00672658	0	-2240.02	0
0.00673354	0	-2242.33	0
0.0067405	0	-2244.65	0
0.00674746	0	-2246.97	0
0.00675442	0	-2249.29	0
0.00676138	0	-2251.6	0
0.00676834	0	-2253.92	0
0.0067753	0	-2256.24	0
0.00678226	0	-2258.56	0
0.00678922	0	-2260.88	0
0.00679618	0	-2263.19	0
0.00680314	0	-2265.51	0
0.0068101	0	-2267.83	0
0.00681706	0	-2270.15	0
0.00682402	0	-2272.46	0
0.00683098	0	-2274.78	0
0.00683794	0	-2277.1	0
0.0068449	0	-2279.42	0
0.00685186	0	-2281.74	0
0.00685882	0	-2284.05	0
0.00686578	0	-2286.37	0
0.00687274	0	-2288.69	0
0.0068797	0	-2291.01	0
0.00688666	0	-2293.32	0
0.00689362	0	-2295.64	0
0.00690058	0	-2297.96	0
0.00690754	0	-2300.28	0
0.0069145	0	-2302.6	0
0.00692146	0	-2304.91	0
0.00692842	0	-2307.23	0
0.00693538	0	-2309.55	0
0.00694234	0	-2311.87	0
0.0069493	0	-2314.18	0
0.00695626	0	-2316.5	0
0.00696322	0	-2318.82	0
0.00697018	0	-2321.14	0
0.00697714	0	-2323.46	0
0.0069841	0	-2325.77	0
0.00699106	0	-2328.09	0
0.00699802	0	-2330.41	0
0.00700498	0	-2332.73	0
0.00701194	0	-2335.04	0
0.0070189	0	-2337.36	0
0.00702586	0	-2339.68	0
0.00703282	0	-2342	0
0.00703978	0	-2344.32	0
0.00704674	0	-2346.63	0
0.0070537	0	-2348.95	0
0.00706066	0	-2351.27	0
0.00706762	0	-2353.59	0
0.00707458	0	-2355.9	0
0.00708154	0	-2358.22	0
0.0070885	0	-2360.54	0
0.00709546	0	-2362.86	0
0.00710242	0	-2365.18	0
0.00710938	0	-2367.49	0
0.00711634	0	-2369.81	0
0.0071233	0	-2372.13	0
0.00713026	0	-2374.45	0
0.00713722	0	-2376.76	0
0.00714418	0	-2379.08	0
0.00715114	0	-2381.4	0
0.0071581	0	-2383.72	0
0.00716506	0	-2386.04	0
0.00717202	0	-2388.35	0
0.00717898	0	-2390.67	0
0.00718594	0	-2392.99	0
0.00719291	0	-2395.31	0
0.00719987	0	-2397.62	0
0.00720683	0	-2399.94	0
0.00721379	0	-2402.26	0
0.00722075	0	-2404.58	0
0.00722771	0	-2406.9	0
0.00723467	0	-2409.21	0
0.00724163	0	-2411.53	0
0.00724859	0	-2413.85	0
0.00725555	0	-2416.17	0
0.00726251	0	-2418.48	0
0.00726947	0	-2420.8	0
0.00727643	0	-2423.12	0
0.00728339	0	-2425.44	0
0.00729035	0	-2427.76	0
0.00729731	0	-2430.07	0
0.00730427	0	-2432.39	0
0.00731123	0	-2434.71	0
0.00731819	0	-2437.03	0
0.00732515	0	-2439.34	0
0.00733211	0	-2441.66	0
0.00733907	0	-2443.98	0
0.00734603	0	-2446.3	0
0.00735299	0	-2448.62	0
0.00735995	0	-2450.93	0
0.00736691	0	-2453.25	0
0.00737387	0	-2455.57	0
0.00738083	0	-2457.89	0
0.00738779	0	-2460.2	0
0.00739475	0	-2462.52	0
0.00740171	0	-2464.84	0
0.00740867	0	-2467.16	0
0.00741563	0	-2469.48	0
0.00742259	0	-2471.79	0
0.00742955	0	-2474.11	0
0.00743651	0	-2476.43	0
0.00744347	0	-2478.75	0
0.00745043	0	-2481.06	0
0.00745739	0	-2483.38	0
0.00746435	0	-2485.7	0
0.00747131	0	-2488.02	0
0.00747827	0	-2490.34	0
0.00748523	0	-2492.65	0
0.00749219	0	-2494.97	0
0.00749915	0	-2497.29	0
0.00750611	0	-2499.61	0
0.00751307	0	-2501.92	0
0.00752003	0	-2504.24	0
0.00752699	0	-2506.56	0
0.00753395	0	-2508.88	0
0.00754091	0	-2511.2	0
0.00754787	0	-2513.51	0
0.00755483	0	-2515.83	0
0.00756179	0	-2518.15	0
0.00756875	0	-2520.47	0
0.00757571	0	-2522.78	0
0.00758267	0	-2525.1	0
0.00758963	0	-2527.42	0
0.00759659	0	-2529.74	0
0.00760355	0	-2532.06	0
0.00761051	0	-2534.37	0
0.00761747	0	-2536.69	0
0.00762443	0	-2539.01	0
0.00763139	0	-2541.33	0
0.00763835	0	-2543.64	0
0.00764531	0	-2545.96	0
0.00765227	0	-2548.28	0
0.00765923	0	-2550.6	0
0.00766619	0	-2552.92	0
0.00767315	0	-2555.23	0
0.00768011	0	-2557.55	0
0.00768707	0	-2559.87	0
0.00769403	0	-2562.19	0
0.00770099	0	-2564.5	0
0.00770795	0	-2566.82	0
0.00771491	0	-2569.14	0
0.00772187	0	-2571.46	0
0.00772883	0	-2573.78	0
0.00773579	0	-2576.09	0
0.00774275	0	-2578.41	0
0.00774971	0	-2580.73	0
0.00775667	0	-2583.05	0
0.00776363	0	-2585.36	0
0.00777059	0	-2587.68	0
0.00777755	0	-2590	0
0.00778451	0	-2592.32	0
0.00779147	0	-2594.64	0
0.00779843	0	-2596.95	0
0.00780539	0	-2599.27	0
0.00781235	0	-2601.59	0
0.00781931	0	-2603.91	0
0.00782627	0	-2606.22	0
0.00783323	0	-2608.54	0
0.00784019	0	-2610.86	0
0.00784715	0	-2613.18	0
0.00785411	0	-2615.5	0
0.00786107	0	-2617.81	0
0.00786803	0	-2620.13	0
0.00787499	0	-2622.45	0
0.00788195	0	-2624.77	0
0.00788891	0	-2627.08	0
0.00789587	0	-2629.4	0
0.00790283	0	-2631.72	0
0.00790979	0	-2634.04	0
0.00791675	0	-2636.36	0
0.00792371	0	-2638.67	0
0.00793067	0	-2640.99	0
0.00793763	0	-2643.31	0
0.00794459	0	-2645.63	0
0.00795155	0	-2647.94	0
0.00795851	0	-2650.26	0
0.00796547	0	-2652.58	0
0.00797243	0	-2654.9	0
0.00797939	0	-2657.22	0
0.00798635	0	-2659.53	0
0.00799331	0	-2661.85	0
0.00800027	0	-2664.17	0
0.00800724	0	-2666.49	0
0.0080142	0	-2668.8	0
0.00802116	0	-2671.12	0
0.00802812	0	-2673.44	0
0.00803508	0	-2675.76	0
0.00804204	0	-2678.08	0
0.008049	0	-2680.39	0
0.00805596	0	-2682.71	0
0.00806292	0	-2685.03	0
0.00806988	0	-2687.35	0
0.00807684	0	-2689.66	0
0.0080838	0	-2691.98	0
0.00809076	0	-2694.3	0
0.00809772	0	-2696.62	0
0.00810468	0	-2698.94	0
0.00811164	0	-2701.25	0
0.0081186	0	-2703.57	0
0.00812556	0	-2705.89	0
0.00813252	0	-2708.21	0
0.00813948	0	-2710.52	0
0.00814644	0	-2712.84	0
0.0081534	0	-2715.16	0
0.00816036	0	-2717.48	0
0.00816732	0	-2719.8	0
0.00817428	0	-2722.11	0
0.00818124	0	-2724.43	0
0.0081882	0	-2726.75	0
0.00819516	0	-2729.07	0
0.00820212	0	-2731.38	0
0.00820908	0	-2733.7	0
0.00821604	0	-2736.02	0
0.008223	0	-2738.34	0
0.00822996	0	-2740.66	0
0.00823692	0	-2742.97	0
0.00824388	0	-2745.29	0
0.00825084	0	-2747.61	0
0.0082578	0	-2749.93	0
0.00826476	0	-2752.24	0
0.00827172	0	-2754.56	0
0.00827868	0	-2756.88	0
0.00828564	0	-2759.2	0
0.0082926	0	-2761.52	0
0.00829956	0	-2763.83	0
0.00830652	0	-2766.15	0
0.00831348	0	-2768.47	0
0.00832044	0	-2770.79	0
0.0083274	0	-2773.1	0
0.00833436	0	-2775.42	0
0.00834132	0	-2777.74	0
0.00834828	0	-2780.06	0
0.00835524	0	-2782.38	0
0.0083622	0	-2784.69	0
0.00836916	0	-2787.01	0
0.00837612	0	-2789.33	0
0.00838308	0	-2791.65	0
0.00839004	0	-2793.96	0
0.008397	0	-2796.28	0
0.00840396	0	-2798.6	0
0.00841092	0	-2800.92	0
0.00841788	0	-2803.24	0
0.00842484	0	-2805.55	0
0.0084318	0	-2807.87	0
0.00843876	0	-2810.19	0
0.00844572	0	-2812.51	0
0.00845268	0	-2814.82	0
0.00845964	0	-2817.14	0
0.0084666	0	-2819.46	0
0.00847356	0	-2821.78	0
0.00848052	0	-2824.1	0
0.00848748	0	-2826.41	0
0.00849444	0	-2828.73	0
0.0085014	0	-2831.05	0
0.00850836	0	-2833.37	0
0.00851532	0	-2835.68	0
0.00852228	0	-2838	0
0.00852924	0	-2840.32	0
0.0085362	0	-2842.64	0
0.00854316	0	-2844.96	0
0.00855012	0	-2847.27	0
0.00855708	0	-2849.59	0
0.00856404	0	-2851.91	0
0.008571	0	-2854.23	0
0.00857796	0	-2856.54	0
0.00858492	0	-2858.86	0
0.00859188	0	-2861.18	0
0.00859884	0	-2863.5	0
0.0086058	0	-2865.81	0
0.00861276	0	-2868.13	0
0.00861972	0	-2870.45	0
0.00862668	0	-2872.77	0
0.00863364	0	-2875.09	0
0.0086406	0	-2877.4	0
0.00864756	0	-2879.72	0
0.00865452	0	-2882.04	0
0.00866148	0	-2884.36	0
0.00866844	0	-2886.67	0
0.0086754	0	-2888.99	0
0.00868236	0	-2891.31	0
0.00868932	0	-2893.63	0
0.00869628	0	-2895.95	0
0.00870324	0	-2898.26	0
0.0087102	0	-2900.58	0
0.00871716	0	-2902.9	0
0.00872412	0	-2905.22	0
0.00873108	0	-2907.53	0
0.00873804	0	-2909.85	0
0.008745	0	-2912.17	0
0.00875196	0	-2914.49	0
0.00875892	0	-2916.81	0
0.00876588	0	-2919.12	0
0.00877284	0	-2921.44	0
0.0087798	0	-2923.76	0
0.00878676	0	-2926.08	0
0.00879372	0	-2928.39	0
0.00880068	0	-2930.71	0
0.00880764	0	-2933.03	0
0.0088146	0	-2935.35	0
0.00882157	0	-2937.67	0
0.00882853	0	-2939.98	0
0.00883549	0	-2942.3	0
0.00884245	0	-2944.62	0
0.00884941	0	-2946.94	0
0.00885637	0	-2949.25	0
0.00886333	0	-2951.57	0
0.00887029	0	-2953.89	0
0.00887725	0	-2956.21	0
0.00888421	0	-2958.53	0
0.00889117	0	-2960.84	0
0.00889813	0	-2963.16	0
0.00890509	0	-2965.48	0
0.00891205	0	-2967.8	0
0.00891901	0	-2970.11	0
0.00892597	0	-2972.43	0
0.00893293	0	-2974.75	0
0.00893989	0	-2977.07	0
0.00894685	0	-2979.39	0
0.00895381	0	-2981.7	0
0.00896077	0	-2984.02	0
0.00896773	0	-2986.34	0
0.00897469	0	-2988.66	0
0.00898165	0	-2990.97	0
0.00898861	0	-2993.29	0
0.00899557	0	-2995.61	0
0.00900253	0	-2997.93	0
0.00900949	0	-3000.25	0
0.00901645	0	-3002.56	0
0.00902341	0	-3004.88	0
0.00903037	0	-3007.2	0
0.00903733	0	-3009.52	0
0.00904429	0	-3011.83	0
0.00905125	0	-3014.15	0
0.00905821	0	-3016.47	0
0.00906517	0	-3018.79	0
0.00907213	0	-3021.11	0
0.00907909	0	-3023.42	0
0.00908605	0	-3025.74	0
0.00909301	0	-3028.06	0
0.00909997	0	-3030.38	0
0.00910693	0	-3032.69	0
0.00911389	0	-3035.01	0
0.00912085	0	-3037.33	0
0.00912781	0	-3039.65	0
0.00913477	0	-3041.97	0
0.00914173	0	-3044.28	0
0.00914869	0	-3046.6	0
0.00915565	0	-3048.92	0
0.00916261	0	-3051.24	0
0.00916957	0	-3053.55	0
0.00917653	0	-3055.87	0
0.00918349	0	-3058.19	0
0.00919045	0	-3060.51	0
0.00919741	0	-3062.83	0
0.00920437	0	-3065.14	0
0.00921133	0	-3067.46	0
0.00921829	0	-3069.78	0
0.00922525	0	-3072.1	0
0.00923221	0	-3074.41	0
0.00923917	0	-3076.73	0
0.00924613	0	-3079.05	0
0.00925309	0	-3081.37	0
0.00926005	0	-3083.69	0
0.00926701	0	-3086	0
0.00927397	0	-3088.32	0
0.00928093	0	-3090.64	0
0.00928789	0	-3092.96	0
0.00929485	0	-3095.27	0
0.00930181	0	-3097.59	0
0.00930877	0	-3099.91	0
0.00931573	0	-3102.23	0
0.00932269	0	-3104.55	0
0.00932965	0	-3106.86	0
0.00933661	0	-3109.18	0
0.00934357	0	-3111.5	0
0.00935053	0	-3113.82	0
0.00935749	0	-3116.13	0
0.00936445	0	-3118.45	0
0.00937141	0	-3120.77	0
0.00937837	0	-3123.09	0
0.00938533	0	-3125.41	0
0.00939229	0	-3127.72	0
0.00939925	0	-3130.04	0
0.00940621	0	-3132.36	0
0.00941317	0	-3134.68	0
0.00942013	0	-3136.99	0
0.00942709	0	-3139.31	0
0.00943405	0	-3141.63	0
0.00944101	0	-3143.95	0
0.00944797	0	-3146.27	0
0.00945493	0	-3148.58	0
0.00946189	0	-3150.9	0
0.00946885	0	-3153.22	0
0.00947581	0	-3155.54	0
0.00948277	0	-3157.85	0
0.00948973	0	-3160.17	0
0.00949669	0	-3162.49	0
0.00950365	0	-3164.81	0
0.00951061	0	-3167.13	0
0.00951757	0	-3169.44	0
0.00952453	0	-3171.76	0
0.00953149	0	-3174.08	0
0.00953845	0	-3176.4	0
0.00954541	0	-3178.71	0
0.00955237	0	-3181.03	0
0.00955933	0	-3183.35	0
0.00956629	0	-3185.67	0
0.00957325	0	-3187.99	0
0.00958021	0	-3190.3	0
0.00958717	0	-3192.62	0
0.00959413	0	-3194.94	0
0.00960109	0	-3197.26	0
0.00960805	0	-3199.57	0
0.00961501	0	-3201.89	0
0.00962197	0	-3204.21	0
0.00962893	0	-3206.53	0
0.00963589	0	-3208.85	0
0.00964286	0	-3211.16	0
0.00964982	0	-3213.48	0
0.00965678	0	-3215.8	0
0.00966374	0	-3218.12	0
0.0096707	0	-3220.43	0
0.00967766	0	-3222.75	0
0.00968462	0	-3225.07	0
0.00969158	0	-3227.39	0
0.00969854	0	-3229.71	0
0.0097055	0	-3232.02	0
0.00971246	0	-3234.34	0
0.00971942	0	-3236.66	0
0.00972638	0	-3238.98	0
0.00973334	0	-3241.29	0
0.0097403	0	-3243.61	0
0.00974726	0	-3245.93	0
0.00975422	0	-3248.25	0
0.00976118	0	-3250.57	0
0.00976814	0	-3252.88	0
0.0097751	0	-3255.2	0
0.00978206	0	-3257.52	0
0.00978902	0	-3259.84	0
0.00979598	0	-3262.15	0
0.00980294	0	-3264.47	0
0.0098099	0	-3266.79	0
0.00981686	0	-3269.11	0
0.00982382	0	-3271.43	0
0.00983078	0	-3273.74	0
0.00983774	0	-3276.06	0
0.0098447	0	-3278.38	0
0.00985166	0	-3280.7	0
0.00985862	0	-3283.01	0
0.00986558	0	-3285.33	0
0.00987254	0	-3287.65	0
0.0098795	0	-3289.97	0
0.00988646	0	-3292.29	0
0.00989342	0	-3294.6	0
0.00990038	0	-3296.92	0
0.00990734	0	-3299.24	0
0.0099143	0	-3301.56	0
0.00992126	0	-3303.87	0
0.00992822	0	-3306.19	0
0.00993518	0	-3308.51	0
0.00994214	0	-3310.83	0
0.0099491	0	-3313.15	0
0.00995606	0	-3315.46	0
0.00996302	0	-3317.78	0
0.00996998	0	-3320.1	0
0.00997694	0	-3322.42	0
0.0099839	0	-3324.73	0
0.00999086	0	-3327.05	0
0.00999782	0	-3329.37	0
0.0100048	0	-3331.69	0
0.0100117	0	-3334.01	0
0.0100187	0	-3336.32	0
0.0100257	0	-3338.64	0
0.0100326	0	-3340.96	0
0.0100396	0	-3343.28	0
0.0100465	0	-3345.59	0
0.0100535	0	-3347.91	0
0.0100605	0	-3350.23	0
0.0100674	0	-3352.55	0
0.0100744	0	-3354.87	0
0.0100813	0	-3357.18	0
0.0100883	0	-3359.5	0
0.0100953	0	-3361.82	0
0.0101022	0	-3364.14	0
0.0101092	0	-3366.45	0
0.0101161	0	-3368.77	0
0.0101231	0	-3371.09	0
0.0101301	0	-3373.41	0
0.010137	0	-3375.73	0
0.010144	0	-3378.04	0
0.0101509	0	-3380.36	0
0.0101579	0	-3382.68	0
0.0101649	0	-3385	0
0.0101718	0	-3387.31	0
0.0101788	0	-3389.63	0
0.0101857	0	-3391.95	0
0.0101927	0	-3394.27	0
0.0101997	0	-3396.59	0
0.0102066	0	-3398.9	0
0.0102136	0	-3401.22	0
0.0102205	0	-3403.54	0
0.0102275	0	-3405.86	0
0.0102345	0	-3408.17	0
0.0102414	0	-3410.49	0
0.0102484	0	-3412.81	0
0.0102553	0	-3415.13	0
0.0102623	0	-3417.45	0
0.0102693	0	-3419.76	0
0.0102762	0	-3422.08	0
0.0102832	0	-3424.4	0
0.0102901	0	-3426.72	0
0.0102971	0	-3429.03	0
0.0103041	0	-3431.35	0
0.010311	0	-3433.67	0
0.010318	0	-3435.99	0
0.0103249	0	-3438.31	0
0.0103319	0	-3440.62	0
0.0103389	0	-3442.94	0
0.0103458	0	-3445.26	0
0.0103528	0	-3447.58	0
0.0103597	0	-3449.89	0
0.0103667	0	-3452.21	0
0.0103737	0	-3454.53	0
0.0103806	0	-3456.85	0
0.0103876	0	-3459.17	0
0.0103945	0	-3461.48	0
0.0104015	0	-3463.8	0
0.0104085	0	-3466.12	0
0.0104154	0	-3468.44	0
0.0104224	0	-3470.75	0
0.0104293	0	-3473.07	0
0.0104363	0	-3475.39	0
0.0104433	0	-3477.71	0
0.0104502	0	-3480.03	0
0.0104572	0	-3482.34	0
0.0104641	0	-3484.66	0
0.0104711	0	-3486.98	0
0.0104781	0	-3489.3	0
0.010485	0	-3491.61	0
0.010492	0	-3493.93	0
0.0104989	0	-3496.25	0
0.0105059	0	-3498.57	0
0.0105129	0	-3500.89	0
0.0105198	0	-3503.2	0
0.0105268	0	-3505.52	0
0.0105337	0	-3507.84	0
0.0105407	0	-3510.16	0
0.0105477	0	-3512.47	0
0.0105546	0	-3514.79	0
0.0105616	0	-3517.11	0
0.0105685	0	-3519.43	0
0.0105755	0	-3521.75	0
0.0105825	0	-3524.06	0
0.0105894	0	-3526.38	0
0.0105964	0	-3528.7	0
0.0106033	0	-3531.02	0
0.0106103	0	-3533.33	0
0.0106173	0	-3535.65	0
0.0106242	0	-3537.97	0
0.0106312	0	-3540.29	0
0.0106381	0	-3542.61	0
0.0106451	0	-3544.92	0
0.0106521	0	-3547.24	0
0.010659	0	-3549.56	0
0.010666	0	-3551.88	0
0.0106729	0	-3554.19	0
0.0106799	0	-3556.51	0
0.0106869	0	-3558.83	0
0.0106938	0	-3561.15	0
0.0107008	0	-3563.47	0
0.0107077	0	-3565.78	0
0.0107147	0	-3568.1	0
0.0107217	0	-3570.42	0
0.0107286	0	-3572.74	0
0.0107356	0	-3575.05	0
0.0107425	0	-3577.37	0
0.0107495	0	-3579.69	0
0.0107565	0	-3582.01	0
0.0107634	0	-3584.33	0
0.0107704	0	-3586.64	0
0.0107773	0	-3588.96	0
0.0107843	0	-3591.28	0
0.0107913	0	-3593.6	0
0.0107982	0	-3595.91	0
0.0108052	0	-3598.23	0
0.0108121	0	-3600.55	0
0.0108191	0	-3602.87	0
0.0108261	0	-3605.19	0
0.010833	0	-3607.5	0
0.01084	0	-3609.82	0
0.0108469	0	-3612.14	0
0.0108539	0	-3614.46	0
0.0108609	0	-3616.77	0
0.0108678	0	-3619.09	0
0.0108748	0	-3621.41	0
0.0108818	0	-3623.73	0
0.0108887	0	-3626.05	0
0.0108957	0	-3628.36	0
0.0109026	0	-3630.68	0
0.0109096	0	-3633	0
0.0109166	0	-3635.32	0
0.0109235	0	-3637.63	0
0.0109305	0	-3639.95	0
0.0109374	0	-3642.27	0
0.0109444	0	-3644.59	0
0.0109514	0	-3646.91	0
0.0109583	0	-3649.22	0
0.0109653	0	-3651.54	0
0.0109722	0	-3653.86	0
0.0109792	0	-3656.18	0
0.0109862	0	-3658.49	0
0.0109931	0	-3660.81	0
0.0110001	0	-3663.13	0
0.011007	0	-3665.45	0
0.011014	0	-3667.77	0
0.011021	0	-3670.08	0
0.0110279	0	-3672.4	0
0.0110349	0	-3674.72	0
0.0110418	0	-3677.04	0
0.0110488	0	-3679.35	0
0.0110558	0	-3681.67	0
0.0110627	0	-3683.99	0
0.0110697	0	-3686.31	0
0.0110766	0	-3688.63	0
0.0110836	0	-3690.94	0
0.0110906	0	-3693.26	0
0.0110975	0	-3695.58	0
0.0111045	0	-3697.9	0
0.0111114	0	-3700.21	0
0.0111184	0	-3702.53	0
0.0111254	0	-3704.85	0
0.0111323	0	-3707.17	0
0.0111393	0	-3709.49	0
0.0111462	0	-3711.8	0
0.0111532	0	-3714.12	0
0.0111602	0	-3716.44	0
0.0111671	0	-3718.76	0
0.0111741	0	-3721.07	0
0.011181	0	-3723.39	0
0.011188	0	-3725.71	0
0.011195	0	-3728.03	0
0.0112019	0	-3730.35	0
0.0112089	0	-3732.66	0
0.0112158	0	-3734.98	0
0.0112228	0	-3737.3	0
0.0112298	0	-3739.62	0
0.0112367	0	-3741.93	0
0.0112437	0	-3744.25	0
0.0112506	0	-3746.57	0
0.0112576	0	-3748.89	0
0.0112646	0	-3751.21	0
0.0112715	0	-3753.52	0
0.0112785	0	-3755.84	0
0.0112854	0	-3758.16	0
0.0112924	0	-3760.48	0
0.0112994	0	-3762.79	0
0.0113063	0	-3765.11	0
0.0113133	0	-3767.43	0
0.0113202	0	-3769.75	0
0.0113272	0	-3772.07	0
0.0113342	0	-3774.38	0
0.0113411	0	-3776.7	0
0.0113481	0	-3779.02	0
0.011355	0	-3781.34	0
0.011362	0	-3783.65	0
0.011369	0	-3785.97	0
0.0113759	0	-3788.29	0
0.0113829	0	-3790.61	0
0.0113898	0	-3792.93	0
0.0113968	0	-3795.24	0
0.0114038	0	-3797.56	0
0.0114107	0	-3799.88	0
0.0114177	0	-3802.2	0
0.0114246	0	-3804.51	0
0.0114316	0	-3806.83	0
0.0114386	0	-3809.15	0
0.0114455	0	-3811.47	0
0.0114525	0	-3813.79	0
0.0114594	0	-3816.1	0
0.0114664	0	-3818.42	0
0.0114734	0	-3820.74	0
0.0114803	0	-3823.06	0
0.0114873	0	-3825.37	0
0.0114942	0	-3827.69	0
0.0115012	0	-3830.01	0
0.0115082	0	-3832.33	0
0.0115151	0	-3834.65	0
0.0115221	0	-3836.96	0
0.011529	0	-3839.28	0
0.011536	0	-3841.6	0
0.011543	0	-3843.92	0
0.0115499	0	-3846.23	0
0.0115569	0	-3848.55	0
0.0115638	0	-3850.87	0
0.0115708	0	-3853.19	0
0.0115778	0	-3855.51	0
0.0115847	0	-3857.82	0
0.0115917	0	-3860.14	0
0.0115986	0	-3862.46	0
0.0116056	0	-3864.78	0
0.0116126	0	-3867.09	0
0.0116195	0	-3869.41	0
0.0116265	0	-3871.73	0
0.0116334	0	-3874.05	0
0.0116404	0	-3876.37	0
0.0116474	0	-3878.68	0
0.0116543	0	-3881	0
0.0116613	0	-3883.32	0
0.0116682	0	-3885.64	0
0.0116752	0	-3887.95	0
0.0116822	0	-3890.27	0
0.0116891	0	-3892.59	0
0.0116961	0	-3894.91	0
0.011703	0	-3897.23	0
0.01171	0	-3899.54	0
0.011717	0	-3901.86	0
0.0117239	0	-3904.18	0
0.0117309	0	-3906.5	0
0.0117378	0	-3908.81	0
0.0117448	0	-3911.13	0
0.0117518	0	-3913.45	0
0.0117587	0	-3915.77	0
0.0117657	0	-3918.08	0
0.0117726	0	-3920.4	0
0.0117796	0	-3922.72	0
0.0117866	0	-3925.04	0
0.0117935	0	-3927.36	0
0.0118005	0	-3929.67	0
0.0118074	0	-3931.99	0
0.0118144	0	-3934.31	0
0.0118214	0	-3936.63	0
0.0118283	0	-3938.94	0
0.0118353	0	-3941.26	0
0.0118422	0	-3943.58	0
0.0118492	0	-3945.9	0
0.0118562	0	-3948.22	0
0.0118631	0	-3950.53	0
0.0118701	0	-3952.85	0
0.011877	0	-3955.17	0
0.011884	0	-3957.49	0
0.011891	0	-3959.8	0
0.0118979	0	-3962.12	0
0.0119049	0	-3964.44	0
0.0119118	0	-3966.76	0
0.0119188	0	-3969.08	0
0.0119258	0	-3971.39	0
0.0119327	0	-3973.71	0
0.0119397	0	-3976.03	0
0.0119466	0	-3978.35	0
0.0119536	0	-3980.66	0
0.0119606	0	-3982.98	0
0.0119675	0	-3985.3	0
0.0119745	0	-3987.62	0
0.0119814	0	-3989.94	0
0.0119884	0	-3992.25	0
0.0119954	0	-3994.57	0
0.0120023	0	-3996.89	0
0.0120093	0	-3999.21	0
0.0120162	0	-4001.52	0
0.0120232	0	-4003.84	0
0.0120302	0	-4006.16	0
0.0120371	0	-4008.48	0
0.0120441	0	-4010.8	0
0.012051	0	-4013.11	0
0.012058	0	-4015.43	0
0.012065	0	-4017.75	0
0.0120719	0	-4020.07	0
0.0120789	0	-4022.38	0
0.0120858	0	-4024.7	0
0.0120928	0	-4027.02	0
0.0120998	0	-4029.34	0
0.0121067	0	-4031.66	0
0.0121137	0	-4033.97	0
0.0121206	0	-4036.29	0
0.0121276	0	-4038.61	0
0.0121346	0	-4040.93	0
0.0121415	0	-4043.24	0
0.0121485	0	-4045.56	0
0.0121554	0	-4047.88	0
0.0121624	0	-4050.2	0
0.0121694	0	-4052.52	0
0.0121763	0	-4054.83	0
0.0121833	0	-4057.15	0
0.0121902	0	-4059.47	0
0.0121972	0	-4061.79	0
0.0122042	0	-4064.1	0
0.0122111	0	-4066.42	0
0.0122181	0	-4068.74	0
0.012225	0	-4071.06	0
0.012232	0	-4073.38	0
0.012239	0	-4075.69	0
0.0122459	0	-4078.01	0
0.0122529	0	-4080.33	0
0.0122598	0	-4082.65	0
0.0122668	0	-4084.96	0
0.0122738	0	-4087.28	0
0.0122807	0	-4089.6	0
0.0122877	0	-4091.92	0
0.0122946	0	-4094.24	0
0.0123016	0	-4096.55	0
0.0123086	0	-4098.87	0
0.0123155	0	-4101.19	0
0.0123225	0	-4103.51	0
0.0123294	0	-4105.82	0
0.0123364	0	-4108.14	0
0.0123434	0	-4110.46	0
0.0123503	0	-4112.78	0
0.0123573	0	-4115.1	0
0.0123642	0	-4117.41	0
0.0123712	0	-4119.73	0
0.0123782	0	-4122.05	0
0.0123851	0	-4124.37	0
0.0123921	0	-4126.68	0
0.012399	0	-4129	0
0.012406	0	-4131.32	0
0.012413	0	-4133.64	0
0.0124199	0	-4135.96	0
0.0124269	0	-4138.27	0
0.0124338	0	-4140.59	0
0.0124408	0	-4142.91	0
0.0124478	0	-4145.23	0
0.0124547	0	-4147.54	0
0.0124617	0	-4149.86	0
0.0124686	0	-4152.18	0
0.0124756	0	-4154.5	0
0.0124826	0	-4156.82	0
0.0124895	0	-4159.13	0
0.0124965	0	-4161.45	0
0.0125035	0	-4163.77	0
0.0125104	0	-4166.09	0
0.0125174	0	-4168.4	0
0.0125243	0	-4170.72	0
0.0125313	0	-4173.04	0
0.0125383	0	-4175.36	0
0.0125452	0	-4177.68	0
0.0125522	0	-4179.99	0
0.0125591	0	-4182.31	0
0.0125661	0	-4184.63	0
0.0125731	0	-4186.95	0
0.01258	0	-4189.26	0
0.012587	0	-4191.58	0
0.0125939	0	-4193.9	0
0.0126009	0	-4196.22	0
0.0126079	0	-4198.54	0
0.0126148	0	-4200.85	0
0.0126218	0	-4203.17	0
0.0126287	0	-4205.49	0
0.0126357	0	-4207.81	0
0.0126427	0	-4210.12	0
0.0126496	0	-4212.44	0
0.0126566	0	-4214.76	0
0.0126635	0	-4217.08	0
0.0126705	0	-4219.4	0
0.0126775	0	-4221.71	0
0.0126844	0	-4224.03	0
0.0126914	0	-4226.35	0
0.0126983	0	-4228.67	0
0.0127053	0	-4230.98	0
0.0127123	0	-4233.3	0
0.0127192	0	-4235.62	0
0.0127262	0	-4237.94	0
0.0127331	0	-4240.26	0
0.0127401	0	-4242.57	0
0.0127471	0	-4244.89	0
0.012754	0	-4247.21	0
0.012761	0	-4249.53	0
0.0127679	0	-4251.84	0
0.0127749	0	-4254.16	0
0.0127819	0	-4256.48	0
0.0127888	0	-4258.8	0
0.0127958	0	-4261.12	0
0.0128027	0	-4263.43	0
0.0128097	0	-4265.75	0
0.0128167	0	-4268.07	0
0.0128236	0	-4270.39	0
0.0128306	0	-4272.7	0
0.0128375	0	-4275.02	0
0.0128445	0	-4277.34	0
0.0128515	0	-4279.66	0
0.0128584	0	-4281.98	0
0.0128654	0	-4284.29	0
0.0128723	0	-4286.61	0
0.0128793	0	-4288.93	0
0.0128863	0	-4291.25	0
0.0128932	0	-4293.56	0
0.0129002	0	-4295.88	0
0.0129071	0	-4298.2	0
0.0129141	0	-4300.52	0
0.0129211	0	-4302.84	0
0.012928	0	-4305.15	0
0.012935	0	-4307.47	0
0.0129419	0	-4309.79	0
0.0129489	0	-4312.11	0
0.0129559	0	-4314.42	0
0.0129628	0	-4316.74	0
0.0129698	0	-4319.06	0
0.0129767	0	-4321.38	0
0.0129837	0	-4323.7	0
0.0129907	0	-4326.01	0
0.0129976	0	-4328.33	0
0.0130046	0	-4330.65	0
0.0130115	0	-4332.97	0
0.0130185	0	-4335.28	0
0.0130255	0	-4337.6	0
0.0130324	0	-4339.92	0
0.0130394	0	-4342.24	0
0.0130463	0	-4344.56	0
0.0130533	0	-4346.87	0
0.0130603	0	-4349.19	0
0.0130672	0	-4351.51	0
0.0130742	0	-4353.83	0
0.0130811	0	-4356.14	0
0.0130881	0	-4358.46	0
0.0130951	0	-4360.78	0
0.013102	0	-4363.1	0
0.013109	0	-4365.42	0
0.0131159	0	-4367.73	0
0.0131229	0	-4370.05	0
0.0131299	0	-4372.37	0
0.0131368	0	-4374.69	0
0.0131438	0	-4377	0
0.0131507	0	-4379.32	0
0.0131577	0	-4381.64	0
0.0131647	0	-4383.96	0
0.0131716	0	-4386.28	0
0.0131786	0	-4388.59	0
0.0131855	0	-4390.91	0
0.0131925	0	-4393.23	0
0.0131995	0	-4395.55	0
0.0132064	0	-4397.86	0
0.0132134	0	-4400.18	0
0.0132203	0	-4402.5	0
0.0132273	0	-4404.82	0
0.0132343	0	-4407.14	0
0.0132412	0	-4409.45	0
0.0132482	0	-4411.77	0
0.0132551	0	-4414.09	0
0.0132621	0	-4416.41	0
0.0132691	0	-4418.72	0
0.013276	0	-4421.04	0
0.013283	0	-4423.36	0
0.0132899	0	-4425.68	0
0.0132969	0	-4428	0
0.0133039	0	-4430.31	0
0.0133108	0	-4432.63	0
0.0133178	0	-4434.95	0
0.0133247	0	-4437.27	0
0.0133317	0	-4439.58	0
0.0133387	0	-4441.9	0
0.0133456	0	-4444.22	0
0.0133526	0	-4446.54	0
0.0133595	0	-4448.86	0
0.0133665	0	-4451.17	0
0.0133735	0	-4453.49	0
0.0133804	0	-4455.81	0
0.0133874	0	-4458.13	0
0.0133943	0	-4460.44	0
0.0134013	0	-4462.76	0
0.0134083	0	-4465.08	0
0.0134152	0	-4467.4	0
0.0134222	0	-4469.72	0
0.0134291	0	-4472.03	0
0.0134361	0	-4474.35	0
0.0134431	0	-4476.67	0
0.01345	0	-4478.99	0
0.013457	0	-4481.3	0
0.0134639	0	-4483.62	0
0.0134709	0	-4485.94	0
0.0134779	0	-4488.26	0
0.0134848	0	-4490.58	0
0.0134918	0	-4492.89	0
0.0134987	0	-4495.21	0
0.0135057	0	-4497.53	0
0.0135127	0	-4499.85	0
0.0135196	0	-4502.16	0
0.0135266	0	-4504.48	0
0.0135335	0	-4506.8	0
0.0135405	0	-4509.12	0
0.0135475	0	-4511.44	0
0.0135544	0	-4513.75	0
0.0135614	0	-4516.07	0
0.0135683	0	-4518.39	0
0.0135753	0	-4520.71	0
0.0135823	0	-4523.02	0
0.0135892	0	-4525.34	0
0.0135962	0	-4527.66	0
0.0136031	0	-4529.98	0
0.0136101	0	-4532.3	0
0.0136171	0	-4534.61	0
0.013624	0	-4536.93	0
0.013631	0	-4539.25	0
0.0136379	0	-4541.57	0
0.0136449	0	-4543.88	0
0.0136519	0	-4546.2	0
0.0136588	0	-4548.52	0
0.0136658	0	-4550.84	0
0.0136727	0	-4553.16	0
0.0136797	0	-4555.47	0
0.0136867	0	-4557.79	0
0.0136936	0	-4560.11	0
0.0137006	0	-4562.43	0
0.0137075	0	-4564.74	0
0.0137145	0	-4567.06	0
0.0137215	0	-4569.38	0
0.0137284	0	-4571.7	0
0.0137354	0	-4574.02	0
0.0137423	0	-4576.33	0
0.0137493	0	-4578.65	0
0.0137563	0	-4580.97	0
0.0137632	0	-4583.29	0
0.0137702	0	-4585.6	0
0.0137771	0	-4587.92	0
0.0137841	0	-4590.24	0
0.0137911	0	-4592.56	0
0.013798	0	-4594.88	0
0.013805	0	-4597.19	0
0.0138119	0	-4599.51	0
0.0138189	0	-4601.83	0
0.0138259	0	-4604.15	0
0.0138328	0	-4606.46	0
0.0138398	0	-4608.78	0
0.0138467	0	-4611.1	0
0.0138537	0	-4613.42	0
0.0138607	0	-4615.74	0
0.0138676	0	-4618.05	0
0.0138746	0	-4620.37	0
0.0138815	0	-4622.69	0
0.0138885	0	-4625.01	0
0.0138955	0	-4627.32	0
0.0139024	0	-4629.64	0
0.0139094	0	-4631.96	0
0.0139163	0	-4634.28	0
0.0139233	0	-4636.6	0
0.0139303	0	-4638.91	0
0.0139372	0	-4641.23	0
0.0139442	0	-4643.55	0
0.0139511	0	-4645.87	0
0.0139581	0	-4648.18	0
0.0139651	0	-4650.5	0
0.013972	0	-4652.82	0
0.013979	0	-4655.14	0
0.0139859	0	-4657.46	0
0.0139929	0	-4659.77	0
0.0139999	0	-4662.09	0
0.0140068	0	-4664.41	0
0.0140138	0	-4666.73	0
0.0140207	0	-4669.04	0
0.0140277	0	-4671.36	0
0.0140347	0	-4673.68	0
0.0140416	0	-4676	0
0.0140486	0	-4678.32	0
0.0140555	0	-4680.63	0
0.0140625	0	-4682.95	0
0.0140695	0	-4685.27	0
0.0140764	0	-4687.59	0
0.0140834	0	-4689.9	0
0.0140903	0	-4692.22	0
0.0140973	0	-4694.54	0
0.0141043	0	-4696.86	0
0.0141112	0	-4699.18	0
0.0141182	0	-4701.49	0
0.0141251	0	-4703.81	0
0.0141321	0	-4706.13	0
0.0141391	0	-4708.45	0
0.014146	0	-4710.76	0
0.014153	0	-4713.08	0
0.01416	0	-4715.4	0
0.0141669	0	-4717.72	0
0.0141739	0	-4720.04	0
0.0141808	0	-4722.35	0
0.0141878	0	-4724.67	0
0.0141948	0	-4726.99	0
0.0142017	0	-4729.31	0
0.0142087	0	-4731.62	0
0.0142156	0	-4733.94	0
0.0142226	0	-4736.26	0
0.0142296	0	-4738.58	0
0.0142365	0	-4740.9	0
0.0142435	0	-4743.21	0
0.0142504	0	-4745.53	0
0.0142574	0	-4747.85	0
0.0142644	0	-4750.17	0
0.0142713	0	-4752.48	0
0.0142783	0	-4754.8	0
0.0142852	0	-4757.12	0
0.0142922	0	-4759.44	0
0.0142992	0	-4761.76	0
0.0143061	0	-4764.07	0
0.0143131	0	-4766.39	0
0.01432	0	-4768.71	0
0.014327	0	-4771.03	0
0.014334	0	-4773.34	0
0.0143409	0	-4775.66	0
0.0143479	0	-4777.98	0
0.0143548	0	-4780.3	0
0.0143618	0	-4782.62	0
0.0143688	0	-4784.93	0
0.0143757	0	-4787.25	0
0.0143827	0	-4789.57	0
0.0143896	0	-4791.89	0
0.0143966	0	-4794.2	0
0.0144036	0	-4796.52	0
0.0144105	0	-4798.84	0
0.0144175	0	-4801.16	0
0.0144244	0	-4803.48	0
0.0144314	0	-4805.79	0
0.0144384	0	-4808.11	0
0.0144453	0	-4810.43	0
0.0144523	0	-4812.75	0
0.0144592	0	-4815.06	0
0.0144662	0	-4817.38	0
0.0144732	0	-4819.7	0
0.0144801	0	-4822.02	0
0.0144871	0	-4824.34	0
0.014494	0	-4826.65	0
0.014501	0	-4828.97	0
0.014508	0	-4831.29	0
0.0145149	0	-4833.61	0
0.0145219	0	-4835.92	0
0.0145288	0	-4838.24	0
0.0145358	0	-4840.56	0
0.0145428	0	-4842.88	0
0.0145497	0	-4845.2	0
0.0145567	0	-4847.51	0
0.0145636	0	-4849.83	0
0.0145706	0	-4852.15	0
0.0145776	0	-4854.47	0
0.0145845	0	-4856.78	0
0.0145915	0	-4859.1	0
0.0145984	0	-4861.42	0
0.0146054	0	-4863.74	0
0.0146124	0	-4866.06	0
0.0146193	0	-4868.37	0
0.0146263	0	-4870.69	0
0.0146332	0	-4873.01	0
0.0146402	0	-4875.33	0
0.0146472	0	-4877.64	0
0.0146541	0	-4879.96	0
0.0146611	0	-4882.28	0
0.014668	0	-4884.6	0
0.014675	0	-4886.92	0
0.014682	0	-4889.23	0
0.0146889	0	-4891.55	0
0.0146959	0	-4893.87	0
0.0147028	0	-4896.19	0
0.0147098	0	-4898.5	0
0.0147168	0	-4900.82	0
0.0147237	0	-4903.14	0
0.0147307	0	-4905.46	0
0.0147376	0	-4907.78	0
0.0147446	0	-4910.09	0
0.0147516	0	-4912.41	0
0.0147585	0	-4914.73	0
0.0147655	0	-4917.05	0
0.0147724	0	-4919.36	0
0.0147794	0	-4921.68	0
0.0147864	0	-4924	0
0.0147933	0	-4926.32	0
0.0148003	0	-4928.63	0
0.0148072	0	-4930.95	0
0.0148142	0	-4933.27	0
0.0148212	0	-4935.59	0
0.0148281	0	-4937.91	0
0.0148351	0	-4940.22	0
0.014842	0	-4942.54	0
0.014849	0	-4944.86	0
0.014856	0	-4947.18	0
0.0148629	0	-4949.49	0
0.0148699	0	-4951.81	0
0.0148768	0	-4954.13	0
0.0148838	0	-4956.45	0
0.0148908	0	-4958.77	0
0.0148977	0	-4961.08	0
0.0149047	0	-4963.4	0
0.0149116	0	-4965.72	0
0.0149186	0	-4968.04	0
0.0149256	0	-4970.35	0
0.0149325	0	-4972.67	0
0.0149395	0	-4974.99	0
0.0149464	0	-4977.31	0
0.0149534	0	-4979.63	0
0.0149604	0	-4981.94	0
0.0149673	0	-4984.26	0
0.0149743	0	-4986.58	0
0.0149812	0	-4988.9	0
0.0149882	0	-4991.21	0
0.0149952	0	-4993.53	0
0.0150021	0	-4995.85	0
0.0150091	0	-4998.17	0
0.015016	0	-5000.49	0
0.015023	0	-5002.8	0
0.01503	0	-5005.12	0
0.0150369	0	-5007.44	0
0.0150439	0	-5009.76	0
0.0150508	0	-5012.07	0
0.0150578	0	-5014.39	0
0.0150648	0	-5016.71	0
0.0150717	0	-5019.03	0
0.0150787	0	-5021.35	0
0.0150856	0	-5023.66	0
0.0150926	0	-5025.98	0
0.0150996	0	-5028.3	0
0.0151065	0	-5030.62	0
0.0151135	0	-5032.93	0
0.0151204	0	-5035.25	0
0.0151274	0	-5037.57	0
0.0151344	0	-5039.89	0
0.0151413	0	-5042.21	0
0.0151483	0	-5044.52	0
0.0151552	0	-5046.84	0
0.0151622	0	-5049.16	0
0.0151692	0	-5051.48	0
0.0151761	0	-5053.79	0
0.0151831	0	-5056.11	0
0.01519	0	-5058.43	0
0.015197	0	-5060.75	0
0.015204	0	-5063.07	0
0.0152109	0	-5065.38	0
0.0152179	0	-5067.7	0
0.0152248	0	-5070.02	0
0.0152318	0	-5072.34	0
0.0152388	0	-5074.65	0
0.0152457	0	-5076.97	0
0.0152527	0	-5079.29	0
0.0152596	0	-5081.61	0
0.0152666	0	-5083.93	0
0.0152736	0	-5086.24	0
0.0152805	0	-5088.56	0
0.0152875	0	-5090.88	0
0.0152944	0	-5093.2	0
0.0153014	0	-5095.51	0
0.0153084	0	-5097.83	0
0.0153153	0	-5100.15	0
0.0153223	0	-5102.47	0
0.0153292	0	-5104.79	0
0.0153362	0	-5107.1	0
0.0153432	0	-5109.42	0
0.0153501	0	-5111.74	0
0.0153571	0	-5114.06	0
0.015364	0	-5116.37	0
0.015371	0	-5118.69	0
0.015378	0	-5121.01	0
0.0153849	0	-5123.33	0
0.0153919	0	-5125.65	0
0.0153988	0	-5127.96	0
0.0154058	0	-5130.28	0
0.0154128	0	-5132.6	0
0.0154197	0	-5134.92	0
0.0154267	0	-5137.23	0
0.0154336	0	-5139.55	0
0.0154406	0	-5141.87	0
0.0154476	0	-5144.19	0
0.0154545	0	-5146.51	0
0.0154615	0	-5148.82	0
0.0154684	0	-5151.14	0
0.0154754	0	-5153.46	0
0.0154824	0	-5155.78	0
0.0154893	0	-5158.09	0
0.0154963	0	-5160.41	0
0.0155032	0	-5162.73	0
0.0155102	0	-5165.05	0
0.0155172	0	-5167.37	0
0.0155241	0	-5169.68	0
0.0155311	0	-5172	0
0.015538	0	-5174.32	0
0.015545	0	-5176.64	0
0.015552	0	-5178.95	0
0.0155589	0	-5181.27	0
0.0155659	0	-5183.59	0
0.0155728	0	-5185.91	0
0.0155798	0	-5188.23	0
0.0155868	0	-5190.54	0
0.0155937	0	-5192.86	0
0.0156007	0	-5195.18	0
0.0156076	0	-5197.5	0
0.0156146	0	-5199.81	0
0.0156216	0	-5202.13	0
0.0156285	0	-5204.45	0
0.0156355	0	-5206.77	0
0.0156424	0	-5209.09	0
0.0156494	0	-5211.4	0
0.0156564	0	-5213.72	0
0.0156633	0	-5216.04	0
0.0156703	0	-5218.36	0
0.0156772	0	-5220.67	0
0.0156842	0	-5222.99	0
0.0156912	0	-5225.31	0
0.0156981	0	-5227.63	0
0.0157051	0	-5229.95	0
0.015712	0	-5232.26	0
0.015719	0	-5234.58	0
0.015726	0	-5236.9	0
0.0157329	0	-5239.22	0
0.0157399	0	-5241.53	0
0.0157468	0	-5243.85	0
0.0157538	0	-5246.17	0
0.0157608	0	-5248.49	0
0.0157677	0	-5250.81	0
0.0157747	0	-5253.12	0
0.0157817	0	-5255.44	0
0.0157886	0	-5257.76	0
0.0157956	0	-5260.08	0
0.0158025	0	-5262.39	0
0.0158095	0	-5264.71	0
0.0158165	0	-5267.03	0
0.0158234	0	-5269.35	0
0.0158304	0	-5271.67	0
0.0158373	0	-5273.98	0
0.0158443	0	-5276.3	0
0.0158513	0	-5278.62	0
0.0158582	0	-5280.94	0
0.0158652	0	-5283.25	0
0.0158721	0	-5285.57	0
0.0158791	0	-5287.89	0
0.0158861	0	-5290.21	0
0.015893	0	-5292.53	0
0.0159	0	-5294.84	0
0.0159069	0	-5297.16	0
0.0159139	0	-5299.48	0
0.0159209	0	-5301.8	0
0.0159278	0	-5304.11	0
0.0159348	0	-5306.43	0
0.0159417	0	-5308.75	0
0.0159487	0	-5311.07	0
0.0159557	0	-5313.39	0
0.0159626	0	-5315.7	0
0.0159696	0	-5318.02	0
0.0159765	0	-5320.34	0
0.0159835	0	-5322.66	0
0.0159905	0	-5324.97	0
0.0159974	0	-5327.29	0
0.0160044	0	-5329.61	0
0.0160113	0	-5331.93	0
0.0160183	0	-5334.25	0
0.0160253	0	-5336.56	0
0.0160322	0	-5338.88	0
0.0160392	0	-5341.2	0
0.0160461	0	-5343.52	0
0.0160531	0	-5345.83	0
0.0160601	0	-5348.15	0
0.016067	0	-5350.47	0
0.016074	0	-5352.79	0
0.0160809	0	-5355.11	0
0.0160879	0	-5357.42	0
0.0160949	0	-5359.74	0
0.0161018	0	-5362.06	0
0.0161088	0	-5364.38	0
0.0161157	0	-5366.69	0
0.0161227	0	-5369.01	0
0.0161297	0	-5371.33	0
0.0161366	0	-5373.65	0
0.0161436	0	-5375.97	0
0.0161505	0	-5378.28	0
0.0161575	0	-5380.6	0
0.0161645	0	-5382.92	0
0.0161714	0	-5385.24	0
0.0161784	0	-5387.55	0
0.0161853	0	-5389.87	0
0.0161923	0	-5392.19	0
0.0161993	0	-5394.51	0
0.0162062	0	-5396.83	0
0.0162132	0	-5399.14	0
0.0162201	0	-5401.46	0
0.0162271	0	-5403.78	0
0.0162341	0	-5406.1	0
0.016241	0	-5408.41	0
0.016248	0	-5410.73	0
0.0162549	0	-5413.05	0
0.0162619	0	-5415.37	0
0.0162689	0	-5417.69	0
0.0162758	0	-5420	0
0.0162828	0	-5422.32	0
0.0162897	0	-5424.64	0
0.0162967	0	-5426.96	0
0.0163037	0	-5429.27	0
0.0163106	0	-5431.59	0
0.0163176	0	-5433.91	0
0.0163245	0	-5436.23	0
0.0163315	0	-5438.55	0
0.0163385	0	-5440.86	0
0.0163454	0	-5443.18	0
0.0163524	0	-5445.5	0
0.0163593	0	-5447.82	0
0.0163663	0	-5450.13	0
0.0163733	0	-5452.45	0
0.0163802	0	-5454.77	0
0.0163872	0	-5457.09	0
0.0163941	0	-5459.41	0
0.0164011	0	-5461.72	0
0.0164081	0	-5464.04	0
0.016415	0	-5466.36	0
0.016422	0	-5468.68	0
0.0164289	0	-5470.99	0
0.0164359	0	-5473.31	0
0.0164429	0	-5475.63	0
0.0164498	0	-5477.95	0
0.0164568	0	-5480.27	0
0.0164637	0	-5482.58	0
0.0164707	0	-5484.9	0
0.0164777	0	-5487.22	0
0.0164846	0	-5489.54	0
0.0164916	0	-5491.85	0
0.0164985	0	-5494.17	0
0.0165055	0	-5496.49	0
0.0165125	0	-5498.81	0
0.0165194	0	-5501.13	0
0.0165264	0	-5503.44	0
0.0165333	0	-5505.76	0
0.0165403	0	-5508.08	0
0.0165473	0	-5510.4	0
0.0165542	0	-5512.71	0
0.0165612	0	-5515.03	0
0.0165681	0	-5517.35	0
0.0165751	0	-5519.67	0
0.0165821	0	-5521.99	0
0.016589	0	-5524.3	0
0.016596	0	-5526.62	0
0.0166029	0	-5528.94	0
0.0166099	0	-5531.26	0
0.0166169	0	-5533.57	0
0.0166238	0	-5535.89	0
0.0166308	0	-5538.21	0
0.0166377	0	-5540.53	0
0.0166447	0	-5542.85	0
0.0166517	0	-5545.16	0
0.0166586	0	-5547.48	0
0.0166656	0	-5549.8	0
0.0166725	0	-5552.12	0
0.0166795	0	-5554.43	0
0.0166865	0	-5556.75	0
0.0166934	0	-5559.07	0
0.0167004	0	-5561.39	0
0.0167073	0	-5563.71	0
0.0167143	0	-5566.02	0
0.0167213	0	-5568.34	0
0.0167282	0	-5570.66	0
0.0167352	0	-5572.98	0
0.0167421	0	-5575.29	0
0.0167491	0	-5577.61	0
0.0167561	0	-5579.93	0
0.016763	0	-5582.25	0
0.01677	0	-5584.57	0
0.0167769	0	-5586.88	0
0.0167839	0	-5589.2	0
0.0167909	0	-5591.52	0
0.0167978	0	-5593.84	0
0.0168048	0	-5596.15	0
0.0168117	0	-5598.47	0
0.0168187	0	-5600.79	0
0.0168257	0	-5603.11	0
0.0168326	0	-5605.43	0
0.0168396	0	-5607.74	0
0.0168465	0	-5610.06	0
0.0168535	0	-5612.38	0
0.0168605	0	-5614.7	0
0.0168674	0	-5617.01	0
0.0168744	0	-5619.33	0
0.0168813	0	-5621.65	0
0.0168883	0	-5623.97	0
0.0168953	0	-5626.29	0
0.0169022	0	-5628.6	0
0.0169092	0	-5630.92	0
0.0169161	0	-5633.24	0
0.0169231	0	-5635.56	0
0.0169301	0	-5637.87	0
0.016937	0	-5640.19	0
0.016944	0	-5642.51	0
0.0169509	0	-5644.83	0
0.0169579	0	-5647.15	0
0.0169649	0	-5649.46	0
0.0169718	0	-5651.78	0
0.0169788	0	-5654.1	0
0.0169857	0	-5656.42	0
0.0169927	0	-5658.73	0
0.0169997	0	-5661.05	0
0.0170066	0	-5663.37	0
0.0170136	0	-5665.69	0
0.0170205	0	-5668.01	0
0.0170275	0	-5670.32	0
0.0170345	0	-5672.64	0
0.0170414	0	-5674.96	0
0.0170484	0	-5677.28	0
0.0170553	0	-5679.59	0
0.0170623	0	-5681.91	0
0.0170693	0	-5684.23	0
0.0170762	0	-5686.55	0
0.0170832	0	-5688.87	0
0.0170901	0	-5691.18	0
0.0170971	0	-5693.5	0
0.0171041	0	-5695.82	0
0.017111	0	-5698.14	0
0.017118	0	-5700.45	0
0.0171249	0	-5702.77	0
0.0171319	0	-5705.09	0
0.0171389	0	-5707.41	0
0.0171458	0	-5709.73	0
0.0171528	0	-5712.04	0
0.0171597	0	-5714.36	0
0.0171667	0	-5716.68	0
0.0171737	0	-5719	0
0.0171806	0	-5721.31	0
0.0171876	0	-5723.63	0
0.0171945	0	-5725.95	0
0.0172015	0	-5728.27	0
0.0172085	0	-5730.59	0
0.0172154	0	-5732.9	0
0.0172224	0	-5735.22	0
0.0172293	0	-5737.54	0
